Brain        Body
    3.385    44.500
    0.480    15.500
    1.350     8.100
   14.830    98.200
    1.040     5.500
    4.190    58.000
    0.425     6.400
    0.101     4.000
    0.920     5.700
    1.000     6.600
    0.005     0.140
    0.060     1.000
    3.500    10.800
    2.000    12.300
    1.700     6.300
    0.023     0.300
    0.785     3.500
   10.000   115.000
    3.300    25.600
    0.200     5.000
    1.410    17.500
    0.750    12.300
    3.500     3.900
   35.000    56.000
    4.050    17.000
    0.120     1.000
    0.023     0.400
    0.010     0.250
    1.400    12.500
    2.500    12.100
    0.550     2.400
   60.000    81.000
    3.600    21.000
    4.288    39.200
    0.280     1.900
    0.075     1.200
    0.122     3.000
    0.048     0.330
    3.000    25.000
    0.900     2.600
    1.620    11.400
    0.104     2.500
    4.235    50.400

